1111111111111111111111111111111111111111111111111111111111111111111111111111111111111111111111111111111111111111111111111111
1000000000000000001111000111111100000000000000000111100011111110000000000000000011110001111111000000000000000001111000111111
1111111101111111100000010001111111111110111111110000001000111111111111011111111000000100011111111111101111111100000010001111
1000000000000111101111111011111100000000000011110111111101111110000000000001111011111110111111000000000000111101111111011111
1111111111110111111110111011111111111111111011111111011101111111111111111101111111101110111111111111111110111111110111011111
1110011111010111111010000011111111001111101011111101000001111111100111110101111110100000111111110011111010111111010000011111
1111000000010111111000111111111111100000001011111100011111111111110000000101111110001111111111111000000010111111000111111111
1100011011000111000011111111111110001101100011100001111111111111000110110001110000111111111111100011011000111000011111111111
1111001011011111010100000000001111100101101111101010000000000111110010110111110101000000000011111001011011111010100000000001
1111101000000000010101111111101111110100000000001010111111110111111010000000000101011111111011111101000000000010101111111101
1111100011011110110101111111101111110001101111011010111111110111111000110111101101011111111011111100011011110110101111111101
1111111111011110100100000000001111111111101111010010000000000000111111110111101001000000000011111111111011110100100000000001
1000000000011110101101111111101100000000001111010110111111110110000000000111101011011111111011000000000011110101101111111101
1011111111011110001101111111100001111111101111000110111111110110111111110111100011011111111000011111111011110001101111111101
1011111111011110111101111111111101111111101111011110111111111110111111110111101111011111111111011111111011110111101111111111
1000000000011110111101111111111100000000001111011110111111111110000000000111101111011111111111000000000011110111101111111111
1111011011011000000001111111111111101101101100000000111111111111110110110110000000011111111111111011011011000000001111111111
1111000000011011111111111111111111100000001101111111111111111111110000000110111111111111111111111000000011011111111111111111
1111011011000011111111111111111111101101100001111111111111111111110110110000111111111111111111111011011000011111111111111111
1111000000011111111111111111111111100000001111111111111111111111110000000111111111111111111111111000000011111111111111111111
1111110111111111111111111111111111111111011111111111111111111111111101111111111111111111111111111111110111111111111111111111
1000000000000000001111000111111100000000000000000111100011111110000000000000000011110001111111000000000000000001111000111111
1111111101111111100000010001111111111110111111110000001000111111111111011111111000000100011111111111101111111100000010001111
1000000000000111101111111011111100000000000011110111111101111110000000000001111011111110111111000000000000111101111111011111
1111111111110111111110111011111111111111111011111111011101111111111111111101111111101110111111111111111110111111110111011111
1110011111010111111010000011111111001111101011111101000001111111100111110101111110100000111111110011111010111111010000011111
1111000000010111111000111111111111100000001011111100011111111111110000000101111110001111111111111000000010111111000111111111
1100011011000111000011111111111110001101100011100001111111111111000110110001110000111111111111100011011000111000011111111111
1111001011011111010100000000001111100101101111101010000000000000010010110111110101000000000011111001011011111010100000000001
1111101000000000010101111111101111110100000000001010111111110111111010000000000101011111111011111101000000000010101111111101
1111100011011110110101111111101111110001101111011010111111110111111000110111101101011111111011111100011011110110101111111101
1111111111011110100100000000001111111111101111010010000000000111111111110111101001000000000011111111111011110100100000000001
1000000000011110101101111111101100000000001111010110111111110110000000000111101011011111111011000000000011110101101111111101
1011111111011110001101111111100001111111101111000110111111110110111111110111100011011111111000011111111011110001101111111101
1011111111011110111101111111111101111111101111011110111111111110111111110111101111011111111111011111111011110111101111111111
1000000000011110111101111111111100000000001111011110111111111110000000000111101111011111111111000000000011110111101111111111
1111011011011000000001111111111111101101101100000000111111111111110110110110000000011111111111111011011011000000001111111111
1111000000011011111111111111111111100000001101111111111111111111110000000110111111111111111111111000000011011111101111111111
1111011011000000111111111111111111101101100001111111111111111111110110110000000011111111111111111011011000011111101111111111
1111000000011110111111111111111111100000001111111111110000000000000000000111111011111111111111111000000011111111101111111111
1111111011011110111111111111111111101111111111111111110111111111110111110111111011111111111111111011111011111111101111111111
1111111011011110111111111111111111101111111111111111110111111111110111110111111011111111111111111011111011111111101111111111
1000000000000000001111000111111100000000000000000111100011111110000000000000000011110001111111000000000000000001101000111111
1111111101111111100000010001111111111110111111110000001000000000111111011111111000000100011111111111101111111100000010001111
1000000000000111101111111011111100000000000011110111111101111110000000000001111011111110111111000000000000111101111111011111
1111111111110111111110111011111111111111111011111111011101111111111111111101111111101110111111111111111110111111110111011111
1110011111010111111010000011111111001111101011111101000001111111100111110101111110100000111111110011111010111111010000011111
1111000000010111111000111111111111100000001011111100011111111111110000000101111110001111111111111000000010111111000111111111
1100011011000111000011111111111110001101100011100001111111111111000110110001110000111111111111100011011000111000011111111111
1111001011011111010100000000001111100101101111101010000000000111110010110111110101000000000011111001011011111010100000000001
1111101000000000010101111111101111110100000000001010111111110111111010000000000101011111111011111101000000000010101111111101
1111100011011110110101111111101111110001101111011010111111110111111000110111101101011111111011111100011011110110101111111101
1111111111011110100100000000001111111111101111010010000000000000111111110111101001000000000011111111111011110100100000000001
1000000000011110101101111111101100000000001111010110111111110110000000000111101011011111111011000000000011110101101111111101
1011111111011110001101111111100001111111101111000110111111110110111111110111100011011111111000011111111011110001101111111101
1011111111011110111101111111111101111111101111011110111111111110111111110111101111011111111111011111111011110111101111111111
1000000000011110111100000000000000000000001111011110111111111110000000000111101111011111111111000000000011110111101111111111
1111011011011000000001111111111111101101101100000000111111111111110110110110000000011111111111111011011011000000001111111111
1111000000011011111111111111111111100000001101111111111111111111110000000110111111111111111111111000000011011111111111111111
1111011011000011111111111111111111101101100001111111111111111111110110110000111111111111111111111011011000011111111111111111
1111000000011111111111111111111111100000001111111111111111111111110000000111111111111111111111111000000011111111111111111111
1111110111111111111111111111111111111111011111111111111111111111111101111111111111111111111111111111110111111111111111111111
1000000000000000001111000111111100000000000000000111100011111110000000000000000011110001111111000000000000000001111000111111
1111111101111111100000010001111111111110111111110000001000111111111111011111111000000100011111111111101111111100000010001111
1000000000000111101111111011111100000000000011110111111101111110000000000001111011111110111111000000000000111101111111011111
1111111111110111111110111011111111111111111011111111011101111111111111111101111111101110111111111111111110111111110111011111
1110011111010111111010000011111111001111101011111101000001111111100111110101111110100000111111110011111010111111010000011111
1111000000010111111000111111111111100000001011111100011111111111110000000101111110001111111111111000000010111111000111111111
1100011011000111000011111111111110001101100011100001111111111111000110110001110000111111111111100011011000111000011111111111
1111001011011111010100000000001111100101101111101010000000000000010010110111110101000000000011111001011011111010100000000001
1111101000000000010101111111101111110100000000001010111111110111111010000000000101011111111011111101000000000010101111111101
1111100011011110110101111111101111110001101111011010111111110111111000110111101101011111111011111100011011110110101111111101
1111111111011110100100000000001111111111101111010010000000000111111111110111101001000000000011111111111011110100100000000001
1000000000011110101101111111101100000000001111010110111111110110000000000111101011011111111011000000000011110101101111111101
1011111111011110001101111111100001111111101111000110111111110110111111110111100011011111111000011111111011110001101111111101
1011111111011110111101111111111101111111101111011110111111111110111111110111101111011111111111011111111011110111101111111111
1000000000011110111101111111111100000000001111011110111111111110000000000111101111011111111111000000000011110111101111111111
1111011011011000000001111111111111101101101100000000111111111111110110110110000000011111111111111011011011000000001111111111
1111000000011011111111111111111111100000001101111111111111111111110000000110111111111111111111111000000011011111111111111111
1111011011000011111111111111111111101101100001111111111111111111110110110000111111111111111111111011011000011111111111111111
1111000000011111111111111111111111100000001111111111111111111111110000000111111111111111111111111000000011111111111111111111
1111111111111111111111111111111111111111111111111111111111111111111111111111111111111111111111111111111111111111111111111111
1111111111111111111111111111111111111111111111111111111111111111111111111111111111111111111111111111111111111111111111111111
